TOF(ms)	Counts
0.015009	136
0.025015	113
0.035021	143
0.045027	124
0.055033	105
0.065039	119
0.075045	156
0.085051	141
0.095057	151
0.105063	123
0.115069	143
0.125075	152
0.135081	144
0.145087	116
0.155093	147
0.165099	136
0.175105	123
0.185111	128
0.195117	113
0.205123	128
0.215129	126
0.225135	107
0.235141	149
0.245147	132
0.255153	144
0.265159	163
0.275165	118
0.285171	134
0.295177	111
0.305183	115
0.315189	137
0.325195	141
0.335201	135
0.345207	159
0.355213	118
0.365219	166
0.375225	114
0.385231	129
0.395237	114
0.405243	129
0.415249	140
0.425255	139
0.435261	140
0.445267	116
0.455273	130
0.465279	136
0.475285	120
0.485291	115
0.495297	106
0.505303	95
0.515309	127
0.525315	113
0.535321	126
0.545327	119
0.555333	133
0.565339	120
0.575345	135
0.585351	145
0.595357	120
0.605362	126
0.615368	131
0.625374	104
0.635380	161
0.645386	125
0.655392	126
0.665398	161
0.675404	133
0.685410	118
0.695416	97
0.705422	145
0.715428	144
0.725434	103
0.735440	155
0.745446	92
0.755452	131
0.765458	108
0.775464	135
0.785470	125
0.795476	123
0.805482	113
0.815488	116
0.825494	130
0.835500	138
0.845506	132
0.855512	124
0.865518	123
0.875524	144
0.885530	125
0.895536	129
0.905542	118
0.915548	139
0.925554	98
0.935560	137
0.945566	117
0.955572	140
0.965578	137
0.975584	133
0.985590	127
0.995596	112
1.005602	114
1.015608	152
1.025614	125
1.035620	129
1.045626	112
1.055632	110
1.065638	121
1.075644	149
1.085650	128
1.095656	137
1.105662	111
1.115668	126
1.125674	118
1.135680	144
1.145686	137
1.155692	131
1.165698	129
1.175704	130
1.185710	139
1.195716	107
1.205722	118
1.215728	110
1.225734	135
1.235740	148
1.245746	119
1.255752	97
1.265758	130
1.275764	136
1.285770	154
1.295776	131
1.305782	144
1.315788	107
1.325794	128
1.335800	120
1.345806	151
1.355812	134
1.365818	125
1.375824	145
1.385830	117
1.395836	143
1.405842	135
1.415848	107
1.425854	114
1.435860	171
1.445866	107
1.455872	147
1.465878	136
1.475884	123
1.485890	127
1.495896	178
1.505902	111
1.515908	130
1.525914	130
1.535920	136
1.545926	132
1.555932	118
1.565938	129
1.575944	127
1.585950	110
1.595956	141
1.605962	137
1.615968	114
1.625974	127
1.635980	119
1.645986	136
1.655992	148
1.665998	122
1.676004	124
1.686010	138
1.696016	119
1.706022	102
1.716028	152
1.726034	103
1.736040	112
1.746046	120
1.756052	141
1.766058	121
1.776064	142
1.786070	100
1.796075	117
1.806081	152
1.816087	112
1.826093	157
1.836099	111
1.846105	113
1.856111	119
1.866117	129
1.876123	127
1.886129	103
1.896135	148
1.906141	163
1.916147	145
1.926153	129
1.936159	139
1.946165	129
1.956171	139
1.966177	109
1.976183	133
1.986189	123
1.996195	140
2.006201	99
2.016207	140
2.026213	139
2.036219	137
2.046225	160
2.056231	118
2.066237	137
2.076243	117
2.086249	111
2.096255	123
2.106261	131
2.116267	140
2.126273	130
2.136279	140
2.146285	168
2.156291	124
2.166297	124
2.176303	118
2.186309	137
2.196315	127
2.206321	111
2.216327	121
2.226333	122
2.236339	129
2.246345	121
2.256351	159
2.266357	148
2.276363	136
2.286369	137
2.296375	112
2.306381	128
2.316387	169
2.326393	136
2.336399	133
2.346405	145
2.356411	120
2.366417	161
2.376423	130
2.386429	133
2.396435	122
2.406441	137
2.416447	144
2.426453	117
2.436459	110
2.446465	124
2.456471	132
2.466477	125
2.476483	123
2.486489	156
2.496495	108
2.506501	127
2.516507	147
2.526513	116
2.536519	155
2.546525	128
2.556531	117
2.566537	139
2.576543	107
2.586549	135
2.596555	112
2.606561	133
2.616567	146
2.626573	120
2.636579	107
2.646585	127
2.656591	141
2.666597	121
2.676603	143
2.686609	137
2.696615	120
2.706621	119
2.716627	118
2.726633	170
2.736639	129
2.746645	139
2.756651	132
2.766657	132
2.776663	146
2.786669	120
2.796675	130
2.806681	153
2.816687	132
2.826693	115
2.836699	136
2.846705	137
2.856711	147
2.866717	132
2.876723	131
2.886729	128
2.896735	112
2.906741	121
2.916747	142
2.926753	147
2.936759	139
2.946765	122
2.956771	154
2.966777	132
2.976783	133
2.986788	126
2.996794	134
3.006800	138
3.016806	133
3.026812	122
3.036818	137
3.046824	119
3.056830	127
3.066836	163
3.076842	124
3.086848	124
3.096854	134
3.106860	131
3.116866	129
3.126872	128
3.136878	106
3.146884	127
3.156890	142
3.166896	135
3.176902	132
3.186908	150
3.196914	148
3.206920	131
3.216926	130
3.226932	135
3.236938	139
3.246944	130
3.256950	140
3.266956	150
3.276962	139
3.286968	128
3.296974	138
3.306980	118
3.316986	113
3.326992	114
3.336998	160
3.347004	135
3.357010	118
3.367016	139
3.377022	125
3.387028	129
3.397034	88
3.407040	149
3.417046	133
3.427052	155
3.437058	116
3.447064	127
3.457070	99
3.467076	130
3.477082	120
3.487088	141
3.497094	134
3.507100	134
3.517106	131
3.527112	117
3.537118	145
3.547124	120
3.557130	135
3.567136	112
3.577142	131
3.587148	159
3.597154	147
3.607160	137
3.617166	101
3.627172	132
3.637178	127
3.647184	123
3.657190	142
3.667196	160
3.677202	120
3.687208	162
3.697214	102
3.707220	109
3.717226	142
3.727232	160
3.737238	150
3.747244	112
3.757250	124
3.767256	109
3.777262	136
3.787268	116
3.797274	124
3.807280	158
3.817286	143
3.827292	129
3.837298	140
3.847304	143
3.857310	118
3.867316	127
3.877322	161
3.887328	133
3.897334	134
3.907340	130
3.917346	116
3.927352	146
3.937358	138
3.947364	125
3.957370	108
3.967376	121
3.977382	106
3.987388	129
3.997394	129
4.007400	141
4.017406	138
4.027412	100
4.037418	117
4.047424	121
4.057430	120
4.067436	122
4.077442	103
4.087448	148
4.097454	140
4.107460	140
4.117466	105
4.127472	132
4.137478	130
4.147484	134
4.157490	111
4.167496	117
4.177501	129
4.187507	125
4.197513	102
4.207519	124
4.217525	125
4.227531	142
4.237537	116
4.247543	120
4.257549	114
4.267555	147
4.277561	137
4.287567	135
4.297573	168
4.307579	152
4.317585	162
4.327591	133
4.337597	141
4.347603	147
4.357609	109
4.367615	135
4.377621	128
4.387627	142
4.397633	133
4.407639	164
4.417645	125
4.427651	124
4.437657	114
4.447663	127
4.457669	149
4.467675	103
4.477681	132
4.487687	125
4.497693	141
4.507699	114
4.517705	135
4.527711	117
4.537717	124
4.547723	124
4.557729	114
4.567735	135
4.577741	138
4.587747	118
4.597753	134
4.607759	144
4.617765	120
4.627771	138
4.637777	118
4.647783	156
4.657789	132
4.667795	120
4.677801	115
4.687807	133
4.697813	156
4.707819	138
4.717825	136
4.727831	126
4.737837	151
4.747843	121
4.757849	148
4.767855	147
4.777861	116
4.787867	122
4.797873	133
4.807879	140
4.817885	115
4.827891	156
4.837897	124
4.847903	158
4.857909	160
4.867915	150
4.877921	121
4.887927	94
4.897933	138
4.907939	129
4.917945	128
4.927951	147
4.937957	143
4.947963	122
4.957969	133
4.967975	157
4.977981	114
4.987987	130
4.997993	146
5.007999	149
5.018005	138
5.028011	121
5.038017	145
5.048023	156
5.058029	135
5.068035	127
5.078041	146
5.088047	127
5.098053	127
5.108059	110
5.118065	121
5.128071	147
5.138077	112
5.148083	159
5.158089	154
5.168095	139
5.178101	121
5.188107	113
5.198113	126
5.208119	159
5.218125	143
5.228131	126
5.238137	154
5.248143	117
5.258149	121
5.268155	153
5.278161	171
5.288167	156
5.298173	132
5.308179	134
5.318185	137
5.328191	125
5.338197	140
5.348203	125
5.358209	141
5.368214	127
5.378220	141
5.388226	148
5.398232	133
5.408238	111
5.418244	126
5.428250	126
5.438256	135
5.448262	153
5.458268	123
5.468274	131
5.478280	117
5.488286	145
5.498292	145
5.508298	127
5.518304	132
5.528310	140
5.538316	138
5.548322	116
5.558328	125
5.568334	129
5.578340	131
5.588346	121
5.598352	140
5.608358	136
5.618364	113
5.628370	132
5.638376	122
5.648382	120
5.658388	134
5.668394	137
5.678400	126
5.688406	129
5.698412	126
5.708418	137
5.718424	147
5.728430	113
5.738436	109
5.748442	124
5.758448	96
5.768454	104
5.778460	111
5.788466	113
5.798472	120
5.808478	142
5.818484	149
5.828490	111
5.838496	128
5.848502	130
5.858508	164
5.868514	119
5.878520	122
5.888526	148
5.898532	140
5.908538	108
5.918544	146
5.928550	131
5.938556	144
5.948562	122
5.958568	145
5.968574	137
5.978580	134
5.988586	131
5.998592	132
6.008598	108
6.018604	142
6.028610	130
6.038616	131
6.048622	125
6.058628	127
6.068634	123
6.078640	125
6.088646	137
6.098652	132
6.108658	155
6.118664	107
6.128670	136
6.138676	135
6.148682	133
6.158688	93
6.168694	112
6.178700	174
6.188706	133
6.198712	141
6.208718	143
6.218724	153
6.228730	105
6.238736	140
6.248742	152
6.258748	125
6.268754	121
6.278760	126
6.288766	141
6.298772	131
6.308778	139
6.318784	141
6.328790	102
6.338796	124
6.348802	160
6.358808	138
6.368814	105
6.378820	131
6.388826	108
6.398832	113
6.408838	142
6.418844	163
6.428850	131
6.438856	131
6.448862	146
6.458868	121
6.468874	133
6.478880	130
6.488886	131
6.498892	111
6.508898	129
6.518904	130
6.528910	139
6.538916	144
6.548922	99
6.558928	104
6.568933	121
6.578939	139
6.588945	141
6.598951	142
6.608957	163
6.618963	143
6.628969	153
6.638975	124
6.648981	117
6.658987	132
6.668993	105
6.678999	103
6.689005	151
6.699011	123
6.709017	138
6.719023	138
6.729029	149
6.739035	147
6.749041	130
6.759047	137
6.769053	120
6.779059	102
6.789065	138
6.799071	121
6.809077	158
6.819083	121
6.829089	118
6.839095	146
6.849101	126
6.859107	96
6.869113	130
6.879119	124
6.889125	146
6.899131	129
6.909137	135
6.919143	102
6.929149	147
6.939155	121
6.949161	122
6.959167	136
6.969173	147
6.979179	153
6.989185	122
6.999191	127
7.009197	136
7.019203	127
7.029209	140
7.039215	108
7.049221	118
7.059227	131
7.069233	148
7.079239	140
7.089245	113
7.099251	148
7.109257	132
7.119263	127
7.129269	125
7.139275	111
7.149281	123
7.159287	131
7.169293	138
7.179299	125
7.189305	145
7.199311	108
7.209317	133
7.219323	103
7.229329	149
7.239335	149
7.249341	137
7.259347	117
7.269353	145
7.279359	127
7.289365	137
7.299371	122
7.309377	143
7.319383	146
7.329389	134
7.339395	130
7.349401	145
7.359407	108
7.369413	145
7.379419	152
7.389425	129
7.399431	140
7.409437	136
7.419443	130
7.429449	139
7.439455	137
7.449461	121
7.459467	108
7.469473	128
7.479479	134
7.489485	126
7.499491	129
7.509497	116
7.519503	129
7.529509	127
7.539515	133
7.549521	112
7.559527	111
7.569533	128
7.579539	135
7.589545	133
7.599551	133
7.609557	135
7.619563	135
7.629569	119
7.639575	122
7.649581	147
7.659587	120
7.669593	129
7.679599	105
7.689605	125
7.699611	134
7.709617	135
7.719623	124
7.729629	124
7.739635	148
7.749641	159
7.759646	121
7.769652	131
7.779658	112
7.789664	151
7.799670	150
7.809676	120
7.819682	146
7.829688	143
7.839694	122
7.849700	121
7.859706	134
7.869712	142
7.879718	143
7.889724	129
7.899730	120
7.909736	150
7.919742	156
7.929748	115
7.939754	131
7.949760	127
7.959766	159
7.969772	147
7.979778	108
7.989784	113
7.999790	118
8.009796	110
8.019802	122
8.029808	142
8.039814	134
8.049820	121
8.059826	121
8.069832	150
8.079838	128
8.089844	90
8.099850	118
8.109856	137
8.119862	134
8.129868	151
8.139874	165
8.149880	116
8.159886	125
8.169892	141
8.179898	114
8.189904	127
8.199910	144
8.209916	170
8.219922	139
8.229928	116
8.239934	136
8.249940	131
8.259946	94
8.269952	142
8.279958	112
8.289964	131
8.299970	134
8.309976	158
8.319982	150
8.329988	123
8.339994	169
8.350000	147
8.360006	122
8.370012	125
8.380018	138
8.390024	125
8.400030	120
8.410036	130
8.420042	138
8.430048	138
8.440054	153
8.450060	149
8.460066	138
8.470072	129
8.480078	123
8.490084	105
8.500090	110
8.510096	140
8.520102	126
8.530108	112
8.540114	133
8.550120	140
8.560126	123
8.570132	147
8.580138	138
8.590144	143
8.600150	117
8.610156	131
8.620162	122
8.630168	142
8.640174	126
8.650180	142
8.660186	158
8.670192	120
8.680198	114
8.690204	123
8.700210	117
8.710216	122
8.720222	162
8.730228	133
8.740234	122
8.750240	124
8.760246	150
8.770252	116
8.780258	124
8.790264	134
8.800270	112
8.810276	102
8.820282	133
8.830288	117
8.840294	114
8.850300	156
8.860306	139
8.870312	143
8.880318	138
8.890324	128
8.900330	141
8.910336	154
8.920342	137
8.930348	129
8.940354	119
8.950359	151
8.960365	110
8.970371	97
8.980377	119
8.990383	127
9.000389	154
9.010395	138
9.020401	108
9.030407	129
9.040413	152
9.050419	117
9.060425	153
9.070431	130
9.080437	143
9.090443	115
9.100449	149
9.110455	143
9.120461	161
9.130467	122
9.140473	129
9.150479	151
9.160485	139
9.170491	114
9.180497	122
9.190503	135
9.200509	146
9.210515	111
9.220521	145
9.230527	121
9.240533	161
9.250539	128
9.260545	125
9.270551	136
9.280557	139
9.290563	129
9.300569	125
9.310575	97
9.320581	125
9.330587	131
9.340593	127
9.350599	118
9.360605	120
9.370611	110
9.380617	130
9.390623	133
9.400629	152
9.410635	126
9.420641	140
9.430647	113
9.440653	136
9.450659	128
9.460665	117
9.470671	135
9.480677	151
9.490683	123
9.500689	121
9.510695	134
9.520701	145
9.530707	121
9.540713	162
9.550719	132
9.560725	130
9.570731	134
9.580737	136
9.590743	117
9.600749	127
9.610755	123
9.620761	151
9.630767	139
9.640773	131
9.650779	139
9.660785	144
9.670791	155
9.680797	118
9.690803	142
9.700809	132
9.710815	146
9.720821	137
9.730827	135
9.740833	123
9.750839	105
9.760845	125
9.770851	127
9.780857	114
9.790863	133
9.800869	135
9.810875	126
9.820881	124
9.830887	138
9.840893	123
9.850899	141
9.860905	117
9.870911	140
9.880917	138
9.890923	108
9.900929	137
9.910935	141
9.920941	120
9.930947	109
9.940953	99
9.950959	135
9.960965	123
9.970971	121
9.980977	113
9.990983	134
10.000989	133
10.010995	155
10.021001	110
10.031007	145
10.041013	136
10.051019	115
10.061025	143
10.071031	136
10.081037	126
10.091043	133
10.101049	121
10.111055	156
10.121061	142
10.131067	140
10.141072	138
10.151078	136
10.161084	123
10.171090	142
10.181096	142
10.191102	116
10.201108	139
10.211114	135
10.221120	130
10.231126	129
10.241132	131
10.251138	132
10.261144	122
10.271150	132
10.281156	126
10.291162	149
10.301168	132
10.311174	105
10.321180	136
10.331186	148
10.341192	126
10.351198	141
10.361204	123
10.371210	138
10.381216	141
10.391222	132
10.401228	110
10.411234	133
10.421240	126
10.431246	150
10.441252	130
10.451258	119
10.461264	143
10.471270	133
10.481276	112
10.491282	119
10.501288	120
10.511294	119
10.521300	126
10.531306	123
10.541312	130
10.551318	146
10.561324	147
10.571330	114
10.581336	127
10.591342	124
10.601348	142
10.611354	126
10.621360	135
10.631366	145
10.641372	103
10.651378	131
10.661384	133
10.671390	89
10.681396	126
10.691402	123
10.701408	107
10.711414	139
10.721420	110
10.731426	117
10.741432	127
10.751438	107
10.761444	121
10.771450	125
10.781456	138
10.791462	121
10.801468	144
10.811474	121
10.821480	137
10.831486	150
10.841492	150
10.851498	117
10.861504	138
10.871510	128
10.881516	163
10.891522	152
10.901528	129
10.911534	136
10.921540	133
10.931546	138
10.941552	121
10.951558	143
10.961564	93
10.971570	106
10.981576	130
10.991582	169
11.001588	111
11.011594	167
11.021600	126
11.031606	140
11.041612	131
11.051618	144
11.061624	113
11.071630	116
11.081636	120
11.091642	120
11.101648	125
11.111654	105
11.121660	131
11.131666	112
11.141672	124
11.151678	140
11.161684	123
11.171690	141
11.181696	144
11.191702	146
11.201708	110
11.211714	153
11.221720	120
11.231726	144
11.241732	152
11.251738	138
11.261744	135
11.271750	123
11.281756	125
11.291762	141
11.301768	125
11.311774	135
11.321780	133
11.331786	134
11.341791	109
11.351797	128
11.361803	125
11.371809	109
11.381815	141
11.391821	142
11.401827	152
11.411833	106
11.421839	130
11.431845	109
11.441851	111
11.451857	120
11.461863	106
11.471869	151
11.481875	144
11.491881	139
11.501887	125
11.511893	124
11.521899	147
11.531905	137
11.541911	112
11.551917	130
11.561923	132
11.571929	144
11.581935	126
11.591941	104
11.601947	134
11.611953	115
11.621959	136
11.631965	126
11.641971	139
11.651977	117
11.661983	135
11.671989	122
11.681995	167
11.692001	137
11.702007	137
11.712013	111
11.722019	136
11.732025	145
11.742031	159
11.752037	141
11.762043	111
11.772049	113
11.782055	135
11.792061	161
11.802067	144
11.812073	132
11.822079	151
11.832085	125
11.842091	120
11.852097	144
11.862103	146
11.872109	119
11.882115	129
11.892121	149
11.902127	160
11.912133	150
11.922139	125
11.932145	134
11.942151	115
11.952157	145
11.962163	125
11.972169	143
11.982175	129
11.992181	100
12.002187	105
12.012193	138
12.022199	121
12.032205	115
12.042211	121
12.052217	116
12.062223	158
12.072229	123
12.082235	139
12.092241	139
12.102247	137
12.112253	106
12.122259	153
12.132265	101
12.142271	119
12.152277	105
12.162283	133
12.172289	131
12.182295	132
12.192301	136
12.202307	122
12.212313	146
12.222319	162
12.232325	132
12.242331	137
12.252337	152
12.262343	149
12.272349	134
12.282355	135
12.292361	149
12.302367	130
12.312373	134
12.322379	143
12.332385	128
12.342391	134
12.352397	134
12.362403	99
12.372409	151
12.382415	120
12.392421	115
12.402427	112
12.412433	135
12.422439	120
12.432445	165
12.442451	129
12.452457	122
12.462463	121
12.472469	127
12.482475	118
12.492481	116
12.502487	132
12.512493	137
12.522499	142
12.532504	156
12.542510	102
12.552516	107
12.562522	128
12.572528	122
12.582534	141
12.592540	137
12.602546	136
12.612552	141
12.622558	125
12.632564	150
12.642570	145
12.652576	134
12.662582	104
12.672588	135
12.682594	122
12.692600	149
12.702606	147
12.712612	125
12.722618	139
12.732624	132
12.742630	142
12.752636	146
12.762642	113
12.772648	140
12.782654	142
12.792660	109
12.802666	153
12.812672	140
12.822678	140
12.832684	134
12.842690	121
12.852696	137
12.862702	102
12.872708	135
12.882714	132
12.892720	123
12.902726	104
12.912732	121
12.922738	141
12.932744	142
12.942750	138
12.952756	139
12.962762	135
12.972768	132
12.982774	141
12.992780	138
13.002786	134
13.012792	113
13.022798	125
13.032804	129
13.042810	134
13.052816	152
13.062822	131
13.072828	129
13.082834	139
13.092840	139
13.102846	147
13.112852	150
13.122858	120
13.132864	127
13.142870	111
13.152876	127
13.162882	147
13.172888	118
13.182894	140
13.192900	108
13.202906	118
13.212912	169
13.222918	136
13.232924	118
13.242930	124
13.252936	112
13.262942	124
13.272948	133
13.282954	130
13.292960	139
13.302966	116
13.312972	152
13.322978	130
13.332984	126
13.342990	124
13.352996	177
13.363002	168
13.373008	116
13.383014	114
13.393020	135
13.403026	112
13.413032	154
13.423038	111
13.433044	117
13.443050	106
13.453056	142
13.463062	156
13.473068	137
13.483074	116
13.493080	118
13.503086	131
13.513092	147
13.523098	113
13.533104	130
13.543110	134
13.553116	135
13.563122	142
13.573128	120
13.583134	114
13.593140	130
13.603146	139
13.613152	135
13.623158	134
13.633164	131
13.643170	153
13.653176	153
13.663182	113
13.673188	149
13.683194	115
13.693200	149
13.703206	137
13.713212	125
13.723217	136
13.733223	151
13.743229	135
13.753235	107
13.763241	133
13.773247	132
13.783253	124
13.793259	116
13.803265	135
13.813271	142
13.823277	128
13.833283	124
13.843289	146
13.853295	125
13.863301	142
13.873307	137
13.883313	127
13.893319	113
13.903325	121
13.913331	136
13.923337	146
13.933343	138
13.943349	132
13.953355	101
13.963361	134
13.973367	143
13.983373	123
13.993379	123
14.003385	117
14.013391	114
14.023397	94
14.033403	135
14.043409	118
14.053415	137
14.063421	143
14.073427	129
14.083433	123
14.093439	146
14.103445	130
14.113451	138
14.123457	141
14.133463	130
14.143469	155
14.153475	127
14.163481	143
14.173487	152
14.183493	137
14.193499	144
14.203505	140
14.213511	129
14.223517	121
14.233523	119
14.243529	115
14.253535	132
14.263541	163
14.273547	132
14.283553	160
14.293559	105
14.303565	143
14.313571	138
14.323577	134
14.333583	109
14.343589	127
14.353595	139
14.363601	151
14.373607	121
14.383613	178
14.393619	109
14.403625	131
14.413631	119
14.423637	121
14.433643	155
14.443649	124
14.453655	124
14.463661	132
14.473667	130
14.483673	123
14.493679	114
14.503685	137
14.513691	127
14.523697	146
14.533703	117
14.543709	150
14.553715	137
14.563721	141
14.573727	138
14.583733	146
14.593739	123
14.603745	141
14.613751	145
14.623757	128
14.633763	155
14.643769	132
14.653775	176
14.663781	115
14.673787	109
14.683793	117
14.693799	161
14.703805	141
14.713811	122
14.723817	131
14.733823	132
14.743829	118
14.753835	117
14.763841	130
14.773847	131
14.783853	116
14.793859	124
14.803865	141
14.813871	158
14.823877	94
14.833883	119
14.843889	115
14.853895	125
14.863901	153
14.873907	150
14.883913	140
14.893919	106
14.903925	126
14.913930	121
14.923936	117
14.933942	146
14.943948	143
14.953954	125
14.963960	141
14.973966	124
14.983972	142
14.993978	125
15.003984	127
15.013990	131
15.023996	134
15.034002	122
15.044008	135
15.054014	130
15.064020	106
15.074026	127
15.084032	121
15.094038	137
15.104044	143
15.114050	124
15.124056	126
15.134062	126
15.144068	114
15.154074	137
15.164080	121
15.174086	135
15.184092	117
15.194098	139
15.204104	114
15.214110	107
15.224116	119
15.234122	154
15.244128	123
15.254134	124
15.264140	115
15.274146	168
15.284152	132
15.294158	132
15.304164	128
15.314170	123
15.324176	140
15.334182	148
15.344188	130
15.354194	145
15.364200	139
15.374206	148
15.384212	127
15.394218	126
15.404224	124
15.414230	112
15.424236	131
15.434242	132
15.444248	89
15.454254	130
15.464260	139
15.474266	98
15.484272	148
15.494278	163
15.504284	155
15.514290	136
15.524296	132
15.534302	144
15.544308	128
15.554314	130
15.564320	120
15.574326	135
15.584332	114
15.594338	106
15.604344	128
15.614350	128
15.624356	131
15.634362	147
15.644368	116
15.654374	111
15.664380	144
15.674386	132
15.684392	144
15.694398	153
15.704404	112
15.714410	123
15.724416	126
15.734422	121
15.744428	121
15.754434	142
15.764440	135
15.774446	146
15.784452	133
15.794458	132
15.804464	144
15.814470	133
15.824476	142
15.834482	121
15.844488	145
15.854494	128
15.864500	141
15.874506	142
15.884512	141
15.894518	113
15.904524	148
15.914530	102
15.924536	148
15.934542	144
15.944548	97
15.954554	134
15.964560	135
15.974566	143
15.984572	98
15.994578	135
16.004584	115
16.014590	125
16.024596	115
16.034602	118
16.044608	108
16.054614	121
16.064620	139
16.074626	106
16.084632	143
16.094638	113
16.104643	115
16.114649	143
16.124655	137
16.134661	122
16.144667	131
16.154673	133
16.164679	117
16.174685	152
16.184691	119
16.194697	121
16.204703	124
16.214709	152
16.224715	157
16.234721	144
16.244727	140
16.254733	133
16.264739	125
16.274745	123
16.284751	113
16.294757	119
16.304763	133
16.314769	130
16.324775	142
16.334781	142
16.344787	138
16.354793	132
16.364799	110
16.374805	133
16.384811	132
16.394817	132
16.404823	145
16.414829	144
16.424835	116
16.434841	112
16.444847	129
16.454853	108
16.464859	135
16.474865	122
16.484871	126
16.494877	125
16.504883	141
16.514889	136
16.524895	124
16.534901	131
16.544907	106
16.554913	117
16.564919	142
16.574925	134
16.584931	119
16.594937	129
16.604943	155
16.614949	113
16.624955	154
16.634961	121
16.644967	62
16.654973	4
16.664979	0
16.674985	0
16.684991	0
16.694997	0
